sg.bl: -13.9748379249
sg.bv: 6.09644617041
sg.cl: 28.9445110522
sg.cv: 9.50205321859
sg.dl: 20.9488105766
sg.dv: 0.0649044609107
phasefield.mwpvap: 0.0477929606625
phasefield.mwpliq: 0.737204968944
phasefield.sigma: 0.1 
